81
-0.103125
0.45
-0.05625
0.53333333333333
0
1
1
0
21
-0.0015625
0.275
0.0453125
0.35833333333333
0
1
1
0
21
-0.125
0.058333333333333
-0.078125
0.14166666666667
0
1
1
0
22
-0.34375
0.0083333333333333
-0.296875
0.091666666666667
0
1
1
0
23
-0.0015625
-0.42222222222222
0.0453125
-0.33888888888889
0
1
1
0
23
0.0703125
-0.38611111111111
0.1171875
-0.30277777777778
0
1
1
0
23
-0.1859375
-0.35277777777778
-0.1390625
-0.26944444444444
0
1
1
0
21
0.1671875
-0.15833333333333
0.2140625
-0.075
0
1
1
0
21
0.2765625
-0.15277777777778
0.3234375
-0.069444444444444
0
1
1
0
21
